-------BINARY SEARCH TREE
Amortized Search:  (100,2.3)(200,2.5)(300,2.75)(400,2.5)(500,3.0)(600,2.4)(700,2.45)(800,2.7)(900,2.7)(1000,2.8) 
Amortized Insert:  (100,4.15)(200,4.5)(300,5.1)(400,4.65)(500,4.75)(600,4.6)(700,5.35)(800,6.7)(900,4.9)(1000,5.1) 
Amortized Delete:  (100,4.7)(200,4.75)(300,5.4)(400,5.4)(500,5.15)(600,6.05)(700,5.45)(800,6.0)(900,5.55)(1000,5.7)

Worstcase Search:  (100,5.0)(200,13.0)(300,23.0)(400,30.0)(500,36.0)(600,41.0)(700,49.0)(800,58.0)(900,64.0)(1000,72.0) 
Worstcase Insert:  (100,6.0)(200,27.0)(300,25.0)(400,38.0)(500,38.0)(600,47.0)(700,51.0)(800,59.0)(900,68.0)(1000,75.0) 
Worstcase Delete:  (100,3.0)(200,26.0)(300,52.0)(400,71.0)(500,84.0)(600,96.0)(700,116.0)(800,132.0)(900,156.0)(1000,172.0)

-------AVL

Amortized Search:  (100,2.1)(200,2.45)(300,2.1)(400,2.25)(500,2.0)(600,2.15)(700,2.05)(800,2.0)(900,1.95)(1000,1.95) 
Amortized Insert:  (100,20.7)(200,19.3)(300,18.4)(400,19.35)(500,19.1)(600,19.55)(700,18.45)(800,18.95)(900,18.25)(1000,18.25)
Amortized Delete:  (100,8.35)(200,10.75)(300,8.8)(400,9.7)(500,7.45)(600,8.05)(700,8.2)(800,8.25)(900,7.95)(1000,8.0)

Worstcase Search:  (100,3.0)(200,3.0)(300,3.0)(400,3.0)(500,3.0)(600,2.0)(700,2.0)(800,2.0)(900,3.0)(1000,3.0) 
Worstcase Insert:  (100,16.0)(200,16.0)(300,20.0)(400,18.0)(500,18.0)(600,16.0)(700,17.0)(800,17.0)(900,18.0)(1000,18.0) 
Worstcase Delete:  (100,11.0)(200,13.0)(300,17.0)(400,16.0)(500,15.0)(600,14.0)(700,12.0)(800,12.0)(900,10.0)(1000,13.0)

-------Treaps

Amortized Search:  (100,1.9)(200,1.95)(300,2.2)(400,2.05)(500,2.25)(600,2.45)(700,2.25)(800,2.4)(900,2.05)(1000,2.3)
Amortized Insert:  (100,6.35)(200,6.6)(300,6.15)(400,6.0)(500,6.8)(600,5.6)(700,6.65)(800,7.95)(900,6.6)(1000,6.05) 
Amortized Delete:  (100,4.9)(200,4.55)(300,4.5)(400,5.2)(500,5.25)(600,4.45)(700,5.5)(800,5.0)(900,5.2)(1000,4.95)

Worstcase Search:  (100,12.0)(200,3.0)(300,3.0)(400,5.0)(500,3.0)(600,3.0)(700,2.0)(800,3.0)(900,3.0)(1000,2.0) 
Worstcase Insert:  (100,7.0)(200,5.0)(300,6.0)(400,4.0)(500,5.0)(600,6.0)(700,4.0)(800,5.0)(900,5.0)(1000,6.0) 
Worstcase Delete:  (100,9.0)(200,16.0)(300,13.0)(400,13.0)(500,14.0)(600,18.0)(700,13.0)(800,16.0)(900,13.0)(1000,15.0)

-------SkipLists (chance=0.3)

Amortized Search:  (100,115.05)(200,104.8)(300,85.65)(400,107.5)(500,92.75)(600,91.8)(700,121.2)(800,131.55)(900,141.8)(1000,130.0) 
Amortized Insert:  (100,129.45)(200,97.85)(300,84.5)(400,94.1)(500,87.0)(600,85.25)(700,90.4)(800,97.95)(900,92.0)(1000,97.9) 
Amortized Delete:  (100,6.55)(200,6.75)(300,7.55)(400,8.6)(500,9.5)(600,10.25)(700,12.15)(800,13.4)(900,14.65)(1000,15.85)

Worstcase Search:  (100,54.0)(200,118.0)(300,65.0)(400,136.0)(500,159.0)(600,186.0)(700,162.0)(800,753.0)(900,281.0)(1000,373.0) 
Worstcase Insert:  (100,53.0)(200,131.0)(300,72.0)(400,178.0)(500,127.0)(600,160.0)(700,231.0)(800,231.0)(900,309.0)(1000,416.0) 
Worstcase Delete:  (100,13.0)(200,17.0)(300,21.0)(400,24.0)(500,25.0)(600,31.0)(700,28.0)(800,48.0)(900,37.0)(1000,45.0)









